w1 = [
[ 0.83113690827383657211413492404972,  0.86598718789082340663298964500427,  0.58246623381819517817348241806030,  0.18485241756570758298039436340332,  0.78889110630188952200114727020264,  0.09793449296557810157537460327148,  0.27081999565052683465182781219482,  0.67036826640924118692055344581604 ], 
[ 0.04642613750403752626016995463942,  0.87840157116806949488818645477295,  0.96683334934687081840820610523224,  0.02508120443235384300351142883301,  0.12753228323799703503027558326721,  0.77209662952350299747195094823837,  0.45250727627717424184083938598633,  0.55638536055994336493313312530518 ] ]

w2 = [
[ 0.48136825473307831568803294430836,  0.79056612730927566801142347685527,  0.21081176698784614975679119197594,  0.47131764958881183780192714039003,  0.58330381522131713456502666304004,  0.75738777826734537956809845127282,  0.04787336499050595661763907173736,  0.65367478044367766099043137728586 ], 
[ 0.67136845925779198296368122100830,  0.61162666698185530478326654701959,  0.25454846878379161490002502432617,  0.09372226399161510956847820352777,  0.82417733946365656638732843930484,  0.16914088700220511474192619516543,  0.18931892748427397998867149908619,  0.60208370822351786610937551813549 ], 
[ 0.67375269121085645807056607736740,  0.94230405724367871655999806534965,  0.11971864283763294922735553882376,  0.74916603250676117031758849407197,  0.78191440142887891351364260117407,  0.24853941780908692105178658948716,  -0.00222663108455983284328372207028,  0.01915996369871007104501714479738 ], 
[ 0.88206917600299039605715734069236,  0.72985967194967527049698219343554,  0.45197497091780874933775180579687,  0.47063335282967477812832157724188,  0.25115793133992492247585914810770,  0.29127787575015451349003114955849,  0.27338083543096319827370166422043,  0.24960298076943859824083915555093 ], 
[ 0.10351899329307745478701008323696,  0.44245002230136354359757433485356,  0.48397817390940528481380056291528,  0.63547124995610804187862186154234,  0.72518211555459477501983656111406,  0.37802942197518923928001299827883,  0.88298888991634860712309773589368,  0.81422305592479293778751525678672 ], 
[ 0.18426064148041285117862742026773,  0.54861978834516156311451595684048,  0.25177475428136253388089471627609,  0.26923141535606509577860379067715,  0.48656026048025580177380788882147,  0.79729228231876381194354053150164,  0.70760935546359726711074245031341,  0.14018365843410152127290757562150 ], 
[ 0.90017619798768433447833103855373,  0.54017060587332399457238807372050,  0.22708975103555864571980293931119,  0.26712128959109554537931785489491,  0.53595748778483998098209895033506,  0.18142788194033204751676180421782,  0.06454425876477763723837455245302,  0.19272811123335306660031562842050 ], 
[ 0.77509099791487379160770387898083,  0.86420385842453273372854027911671,  0.10408855583172449410511717360350,  0.10104315043993677969424993534631,  0.28577328587751837929431530938018,  0.64142854862323450682026759750443,  0.88627564134205727430781962539186,  0.23112828442942168205576081163599 ] ]

w3 = [
[ 0.02351064457549474281949919429735 ], 
[ 0.42179500141431774951072952717368 ], 
[ 0.71147742379884681973578608449316 ], 
[ 0.34497644979793395947353928931989 ], 
[ 0.57171820755306634875836380160763 ], 
[ 0.50878428484737969750284491965431 ], 
[ -0.01412704941614054132692501752899 ], 
[ -0.16405479602219447121669304578973 ] ]